20
3 13 11 19 16 1 10 5 8 20 9 2 12 4 6 17 18 15 14 7
15 10 1 7 20 4 11 5 3 2 12 16 9 19 13 8 17 18 14 6
15 4 14 5 16 2 3 20 7 10 9 1 18 8 17 6 13 19 12 11
4 14 10 19 17 9 2 1 20 15 11 13 18 5 3 6 16 8 7 12
14 7 15 16 1 20 17 10 13 8 11 2 18 5 4 19 6 9 12 3
12 6 4 1 3 9 15 19 10 2 13 7 11 16 18 17 8 14 20 5
3 9 14 2 5 18 8 17 6 15 4 16 1 13 7 12 19 11 20 10
11 8 3 12 7 6 15 20 4 1 18 5 14 9 10 2 13 16 19 17
15 16 18 5 6 19 9 14 20 7 3 13 12 8 2 10 1 17 4 11
11 17 7 1 18 16 6 8 5 9 2 4 12 10 19 3 13 15 20 14
13 11 14 6 4 3 17 19 20 9 12 2 16 8 1 18 10 5 15 7
13 4 7 2 14 12 19 5 11 10 16 6 18 3 17 8 9 1 15 20
1 16 12 17 11 20 6 15 14 8 2 3 10 7 4 19 9 13 18 5
6 8 20 7 19 3 11 4 12 18 1 17 2 10 9 13 16 15 5 14
17 13 12 16 15 4 10 6 5 2 19 9 18 20 1 14 8 3 11 7
17 16 9 6 7 18 8 14 10 2 5 3 4 20 11 19 15 13 1 12
15 1 11 16 6 19 5 20 3 17 7 2 13 9 10 4 18 8 14 12
1 20 8 14 15 6 9 2 17 4 19 11 12 10 7 5 16 13 3 18
20 15 13 7 14 2 17 11 16 18 8 6 12 19 4 9 3 5 1 10
14 10 9 13 1 20 8 11 2 7 6 17 5 19 18 15 4 12 16 3
19 11 10 13 20 16 9 8 5 4 14 12 18 6 15 17 7 3 2 1
15 17 4 20 18 8 6 16 11 1 7 9 2 13 3 10 19 14 5 12
9 11 6 10 5 17 14 13 12 7 3 1 15 19 2 8 16 18 20 4
11 13 5 2 15 8 9 12 20 1 10 16 6 17 18 4 14 19 7 3
7 1 15 2 16 11 20 5 18 6 17 12 10 8 3 19 4 13 9 14
6 8 9 10 14 19 4 16 3 5 15 17 12 13 7 20 11 2 18 1
5 17 13 1 10 19 4 18 7 8 16 12 2 6 14 20 3 15 9 11
4 1 11 9 7 2 18 19 10 17 20 6 15 12 8 5 14 3 16 13
18 10 1 6 4 14 3 8 9 15 5 19 2 11 16 12 13 7 17 20
9 17 3 20 15 7 18 12 14 16 2 5 1 10 11 8 13 19 4 6
13 14 9 3 5 17 8 2 11 16 15 6 10 1 12 4 18 19 7 20
4 17 15 8 11 6 20 18 10 5 2 14 9 3 13 16 19 7 12 1
4 6 7 8 11 15 20 16 14 19 9 13 17 18 10 5 1 3 12 2
6 7 11 8 16 10 15 17 5 4 18 12 19 13 1 20 14 9 2 3
13 12 7 5 18 20 17 15 2 6 8 11 1 3 10 14 4 9 16 19
18 9 1 20 7 3 12 4 19 15 13 8 6 14 5 2 11 10 16 17
8 18 12 11 17 16 20 15 2 9 6 7 1 19 4 14 5 3 10 13
1 12 10 8 14 6 11 15 20 7 19 2 5 9 4 3 18 17 13 16
17 18 2 4 20 13 9 19 5 14 3 11 7 16 8 6 10 12 1 15
4 11 12 5 14 6 20 13 18 15 9 1 17 2 3 7 16 8 10 19
